-0.083134
-0.207103
0.091298
-0.023780
-0.057526
-0.129387
-0.156185
-0.097085
0.187069
-0.146086
0.183241
0.029743
0.070527
0.094855
0.004390
-0.198515
-0.034535
0.113132
0.070298
-0.184693
-0.048334
-0.145232
-0.185235
0.104129
-0.120611
-0.201139
0.162639
0.200783
0.047615
0.157177
0.077997
-0.128312
-0.179356
0.210358
0.133764
-0.078966
0.017462
0.060578
0.184115
0.020695
0.165812
-0.142832
0.200398
0.174075
-0.085505
0.010146
-0.101416
-0.209845
-0.045572
-0.128834
-0.058780
0.117565
0.165340
-0.144249
0.100376
-0.183929
0.131166
-0.032922
0.035362
0.054054
0.159113
-0.051176
0.082589
0.213988
0.098623
-0.157204
-0.092802
0.079191
0.216386
0.185239
-0.185806
-0.191975
-0.104843
-0.199677
-0.082300
0.165894
0.192352
0.064633
-0.135591
0.116085
-0.049578
-0.068308
0.004115
-0.141710
0.169784
-0.005599
-0.049427
-0.158133
0.063191
0.118749
-0.214314
-0.074347
-0.176361
-0.060365
-0.158748
0.185251
0.017898
0.014744
-0.210719
0.034134
-0.083928
-0.194887
-0.111234
-0.208931
-0.128105
0.070898
0.056261
-0.132072
0.006259
0.177719
-0.209193
0.159316
0.109290
0.025093
0.077762
-0.075454
0.005922
-0.168868
0.179658
0.080571
-0.169688
-0.112538
0.003564
0.139912
-0.019416
-0.139760
-0.040423
-0.192153
